// Subject Grades
0 1 2 3 4 5 6 7 8 9 10 11 12 13 14 15 16 17 18 19 20 21 22 23
0 0 0 0 0 0 0 1 1 1 1  1  2  2  2  2  2  2  3  3  3  3  3  3

// Out periods

    0 1 2 3 4 5 6 7 8 9 10 11 12 13 14 15 16 17 18 19 20 21 22 23 24 25 26 27 28 29
0 - 0 0 0 0 0 0 0 0 0 0 0  0  0  0  0  0  0  0  0  0  0  0  0  0  0  0  0  0  0  0
1 - 0 0 0 0 0 0 0 0 0 0 0  0  0  0  0  0  0  0  0  0  0  0  0  0  0  0  0  0  0  0
2 - 0 0 0 0 0 0 0 0 0 0 0  0  0  0  0  0  0  0  0  0  0  0  0  0  0  0  0  0  0  0
3 - 0 0 0 0 0 0 0 0 0 0 0  0  0  0  0  0  0  0  0  0  0  0  0  0  0  0  0  0  0  0
4 - 0 0 0 0 0 0 0 0 0 0 0  0  0  0  0  0  0  0  0  0  0  0  0  0  0  0  0  0  0  0
5 - 0 0 0 0 0 0 0 0 0 0 0  0  0  0  0  0  0  0  0  0  0  0  0  0  0  0  0  0  0  0
6 - 0 0 0 0 0 0 0 0 0 0 0  0  0  0  0  0  0  0  0  0  0  0  0  0  0  0  0  0  0  0
7 - 0 0 0 0 0 0 0 0 0 0 0  0  0  0  0  0  0  0  0  0  0  0  0  0  0  0  0  0  0  0
8 - 0 0 0 0 0 0 0 0 0 0 0  0  0  0  0  0  0  0  0  0  0  0  0  0  0  0  0  0  0  0

// Teachers and their preferences for subjects
    0 1 2 3 4 5 6 7 8 9 10 11 12 13 14 15 16 17 18 19 20 21 22 23
0 - 1 1 1 5 2 1 1 4 1 1 1  1  1  1  1  1  1  1  1  1  1  1  1  1
1 - 5 2 1 2 5 1 1 5 1 1 1  1  1  1  1  1  1  1  5  1  1  1  1  1
2 - 1 5 1 1 1 1 1 1 1 1 1  1  1  1  1  1  1  1  1  1  1  1  1  1
3 - 2 3 2 1 1 4 1 1 2 5 3  1  2  2  2  2  2  2  2  2  3  2  2  2
4 - 2 1 1 2 3 1 5 2 1 1 1  1  1  1  1  1  1  1  1  1  1  1  1  1
5 - 2 2 2 1 1 4 1 1 1 2 5  1  2  2  2  2  2  3  2  2  2  2  2  5
6 - 2 1 1 1 1 2 1 1 3 2 2  1  2  2  2  5  2  2  4  5  1  2  2  2
7 - 3 1 1 1 2 3 1 4 2 3 2  1  2  2  2  2  5  3  3  2  1  5  2  2
8 - 2 3 4 1 1 2 1 1 3 2 2  1  2  2  2  2  2  2  2  2  2  2  5  1

// Teacher max workloads
0 1 2 3 4 5 6 7 8
6 2 2 8 2 4 6 6 2

// Subject workloads
0 1 2 3 4 5 6 7 8 9 10 11 12 13 14 15 16 17 18 19 20 21 22 23
2 2 1 2 2 3 2 2 2 2 3  1  2  2  2  2  2  2  2  3  2  2  2  1
